15178
4664
5044
12102
9954
15215
1003
7627
19471
661
14819
3475
1336
2319
5019
13024
10201
4148
1193
4018
17382
8160
7606
17445
13218
583
13526
10908
14451
1511
2014
15590
11491
9180
11552
10429
6094
12578
5753
1815
17500
2676
13292
9192
2000
2576
13565
4437
13185
8969
10941
17403
14928
17503
14445
756
9058
7233
11612
9687
1680
13967
4206
8276
19143
10879
17666
10836
13438
8988
311
276
1642
12646
11208
8612
5380
8792
7534
2584
9568
5164
19235
8850
4286
17472
6653
2701
3569
15927
3768
13067
1871
3067
17243
19460
9596
111
8168
15420
1606
2603
17856
15710
9150
1426
15762
234
13596
4930
17864
13
10148
18380
13321
13970
1373
15634
5475
4458
5062
10167
11017
10096
13720
11911
6494
1717
7830
3931
10188
19377
16849
5153
3908
14908
15974
8682
12890
1651
17949
4200
1939
10284
1781
17328
7371
12964
13727
14281
11906
19334
5872
6828
8728
14437
3135
16130
11104
11416
665
12707
7928
18316
17310
19297
11126
5269
12446
15469
6699
5311
9487
15616
7263
7895
16125
14207
11137
13397
18586
6777
16530
14868
9092
16061
3260
3979
10203
18471
10636
16003
10231
19161
6730
11323
14214
7908
6411
15792
16193
18155
8882
7974
10720
5645
3873
5873
14397
13033
4268
6309
2547
1582
10664
6199
3239
942
9802
9615
11264
1663
2789
17347
12899
10146
15136
6723
15015
13411
4657
7462
19012
16827
8396
19018
3415
10099
9855
5047
5219
454
10385
5667
19232
8923
3175
17084
17025
9589
7953
7612
17324
14405
13147
16860
18019
17781
13866
3421
19563
15183
3819
1874
13459
12814
14820
15325
10492
8811
17705
10918
10735
14442
18101
4655
19466
5584
8433
8794
2937
14697
12787
5971
5195
9189
13369
7178
9536
922
18910
571
41
14196
7111
1381
2866
13354
15478
18689
15189
4894
13895
18060
12279
8361
12139
7512
3105
16792
19164
14621
16562
8944
1682
5998
5596
19332
11795
13091
8089
12329
5525
19600
10269
14750
8201
12439
10957
8369
11737
13624
10452
767
11353
15863
12931
15914
4013
8356
15289
4422
7923
13420
13531
15913
8017
4582
16888
15508
9113
2085
2732
5574
16821
2160
11768
14540
711
17951
12518
30
5672
510
19519
9437
3788
6123
5728
11395
8021
881
15697
13469
19147
14277
14255
10272
3549
17719
18221
17962
910
6082
18416
16091
13812
14772
18582
854
17338
8614
14383
8665
12215
5323
2694
7521
13974
8973
12115
10904
10936
19091
9060
4215
10894
5285
5518
7504
13001
18440
8673
14932
15890
11997
15898
15028
5205
11175
8328
3188
14575
16387
19349
17550
12142
6527
10603
10170
220
6747
2602
10961
9872
8049
17813
16208
14193
8239
14646
8305
6382
15246
10697
5182
251
15323
6535
8857
995
5738
6310
11607
783
6481
9097
17609
4578
14707
13934
4492
2202
14526
911
586
2035
18267
5577
2987
15957
7610
1369
5440
1509
5822
12295
18823
3548
7244
11300
13669
13797
2002
7603
928
13403
12989
3585
14198
17743
11885
10530
530
18786
6407
4697
4440
10802
13328
6862
17656
136
8727
15906
12177
934
10526
10738
17744
16623
13092
6044
552
18174
12611
1652
1938
15541
18538
3575
16203
10491
1256
2446
13030
1774
8670
940
1377
1714
14732
17692
2188
13684
7683
9
4897
5120
13610
5150
12538
2832
4730
7575
11977
18042
6738
10996
9918
9344
10088
11216
6832
17838
19058
5856
18113
13070
6563
11143
17828
12123
8524
8412
1246
18925
18508
19254
19462
14169
11989
14683
9357
1976
9345
8055
16915
3405
11343
12195
7193
11244
7353
18845
19221
5373
6770
13743
14185
6783
17681
13336
4798
4146
9588
11949
3779
12945
17544
8383
13746
1104
17893
3265
14336
17047
14726
8411
1298
8175
12572
3321
18170
16144
17796
16976
3991
8952
15637
15633
8309
17918
18549
954
12097
17356
14757
5138
17896
3652
2390
2827
11200
18795
14013
18080
4577
2665
14472
6599
13598
9226
2072
6336
12323
18422
10685
17780
2856
12264
12320
8100
3726
10759
2328
1138
4022
3155
9708
19306
14694
8731
17612
295
14053
16611
7942
18957
13759
7952
15146
4732
17670
4914
18949
9783
3432
12435
15807
15453
7550
10270
9163
3786
14843
8925
17988
16346
7590
1430
13547
19370
5185
6678
15816
5117
18701
11869
5930
8387
2199
1272
5781
8947
12107
14008
1605
8028
5948
7037
16965
5259
